
[_]
s_slowness_fix=true
s_unredirect_fullscreen_windows=true
a_texture_filter=Best
a_active_plugins=settings;crashhandler;screenshot;zoom;cube;bs;move;put;place;water;decoration;switcher;animation;splash;scale;resize;rotate;neg;fade;trailfocus;
a_audible_bell=true
a_click_to_focus=true
a_autoraise=false
s_lighting=false
a_autoraise_delay=28

[rotate]
s_sensitivity=1
s_acceleration=2.0187666416168213
s_speed=1.7053619623184204
s_timestep=0.89999997615814209
s_mantimestep=2.5
s_zoom=0.5343511700630188
a_flip_time=134
a_rotate_wheelings=9

[put]
s_speed=2.5
s_timestep=0.5

[water]
a_offset_scale=1
a_title_wave_amplitude=0.10000000149011612
a_rain_wave_amplitude=0.80000001192092896
a_water_viscosity=0.20000000298023224
a_title_wave=28271;1769235305;1919311728;137811808;0;1;0;0;

[switcher]
s_speed=2.5
s_timestep=1.1000000238418579
s_zoom=1

[scale]
s_speed=2.5
s_timestep=1.1000000238418579
s_darken_back_factor=0.67000001668930054

[zoom]
s_sensitivity=1
s_speed=1.5
s_step=1.5
s_min=0.10000000149011612
s_max=1
s_timestep=1.2000000476837158

[cube]
s_acceleration=3.0584957599639893
s_speed=3.9919219017028809
s_timestep=0.10000000149011612
s_draw_caps=true
s_skydome=false
s_in=true
a_unfold=0;0;65540;65379;0;0;0;1;
a_next_slide=0;0;65540;65366;0;0;0;1;

[animation]
s_minimize_duration=1.0133928060531616
s_unminimize_duration=0.45357143878936768
s_close1_duration=0.5
s_create1_duration=0.5
s_close2_duration=0.15000000596046448
s_create2_duration=0.20000000298023224
s_focus_duration=0.5
s_shade_duration=0.5
s_unshade_duration=0.5
s_focus_wave_width=0.69999998807907104
s_curved_fold_amp=0.15000000596046448
s_horizontal_folds_amp=0.070000000298023224
s_sidekick_num_rotations=0.5
s_fire_size=5
s_fire_slowdown=0.5
s_fire_life=0.69999998807907104
s_beam_size=4.4747991561889648
s_beam_slowdown=0.24516129493713379
s_beam_life=0.20293255150318146
s_minimize_effect=Fade
s_unminimize_effect=Beam Up
s_shade_effect=Curved Fold
s_beam_spacing=15
s_beam_color=23261;24102;36184;65535;
s_create2_effect=None
s_create1_effect=Zoom
s_focus_effect=None
s_magic_lamp1_grid_res=98

[wobbly]
s_move_friction=4
s_move_spring_k=10
s_map_friction=4
s_map_spring_k=10
s_grab_friction=4
s_grab_spring_k=10
s_focus_friction=4
s_focus_spring_k=10
s_maximize_friction=4
s_maximize_spring_k=10
s_visual_bell_friction=4
s_visual_bell_spring_k=10
s_release_friction=4
s_release_spring_k=10
s_urgent_friction=4
s_urgent_spring_k=10
s_urgent_velocity=1

[splash]
a_saturation=50
a_brightness=50
a_fade_time=1
a_display_time=2

[decoration]
a_shadow_opacity=26.82215690612793

[blurfx]

[bs]
s_brightness_step=5

[fade]
s_fade_speed=2.3888578414916992
s_window_types=Desktop;Splash;Normal;Notification;Unknown;
s_visual_bell=true
s_urgent_speed=9

[plane]
s_wrap=true

[screenshot]
a_initiate=65540;1;1869429619;1648059746;0;0;1;0;
a_directory=/home/sac/Desktop

[state]
s_opacity=

[trailfocus]
s_window_types=Splash;Normal;Notification;Fullscreen;
s_minimum_window_opacity_level=29
s_maximum_window_saturation_level=100
s_minimum_window_brightness_level=72
